1776
424
953
523
918
631
427
540
299
543
795
516
31
457
404
137
123
695
154
686
958
229
842
635
436
467
956
581
733
770
118
557
662
142
282
244
530
992
982
228
699
302
67
920
466
303
443
14
784
207
695
276
195
220
563
948
272
259
629
172
436
867
301
926
159
915
18
886
920
812
326
73
877
692
848
634
291
295
863
339
52
85
372
953
221
327
934
17
244
447
467
133
854
164
669
415
559
468
487
295
49
869
36
254
905
852
513
377
763
488
574
783
848
676
881
184
924
16
677
135
812
512
834
108
379
105
739
342
889
243
108
511
285
660
194
814
301
647
283
412
92
802
101
30
657
956
167
582
373
380
32
646
911
868
48
829
284
185
314
769
309
989
599
24
460
402
385
794
419
751
697
779
404
698
5
713
785
951
182
628
320
900
133
583
874
337
689
73
973
983
181
167
864
290
72
347
267
502
914
53
827
975
588
858
518
594
426
98
812
920
317
854
43
139
10
578
702
441
664
114
775
104
699
478
650
738
96
312
242
69
130
711
80
410
703
292
93
798
250
357
715
399
267
361
58
564
688
402
217
543
715
689
391
750
254
958
883
872
648
105
424
921
580
639
459
670
563
4
448
179
248
102
129
281
239
842
363
65
545
139
264
315
253
555
126
452
993
99
722
746
661
891
860
734
950
170
327
259
63
545
926
745
945
455
877
900
102
542
982
753
515
94
53
331
974
98
16
904
378
597
135
802
400
125
428
517
328
34
905
953
776
508
279
370
807
470
219
497
13
459
617
632
379
607
380
293
245
229
912
126
161
83
100
89
715
374
929
356
535
916
693
84
16
990
508
745
632
747
980
202
203
333
749
432
298
217
726
895
234
861
774
968
788
161
720
38
731
172
630
222
500
114
519
245
421
844
175
214
605
415
824
752
911
158
961
156
536
510
656
413
28
616
689
247
472
297
281
352
627
597
685
959
816
799
539
957
400
199
726
238
832
241
360
551
831
229
112
618
565
276
990
226
641
961
21
553
134
437
268
729
262
227
111
121
424
807
64
728
191
311
829
980
226
378
818
224
699
741
836
304
926
41
281
416
488
308
310
59
113
823
558
169
432
877
905
917
740
773
306
785
383
770
777
652
342
423
92
137
938
392
153
371
672
278
380
364
101
508
804
244
816
996
845
770
439
235
567
783
256
590
449
32
93
891
690
556
823
404
135
999
387
446
986
114
571
538
935
593
348
408
35
652
961
360
74
61
587
891
235
284
975
898
954
655
175
966
805
440
341
350
455
656
213
237
951
679
657
30
713
46
688
876
904
91
552
585
722
43
562
448
300
620
311
658
616
584
408
369
549
638
232
560
55
779
97
111
483
498
134
88
298
498
723
265
556
226
792
530
934
856
575
375
543
513
150
953
457
750
411
911
859
981
451
625
484
107
281
660
523
290
787
841
750
966
945
316
254
28
36
657
700
823
714
544
777
443
295
181
121
58
984
991
961
563
174
775
563
534
271
507
909
340
116
74
113
830
194
456
423
721
938
649
235
549
770
274
35
117
200
322
914
831
843
351
746
657
827
199
428
14
206
188
286
35
826
185
43
763
554
62
497
850
276
815
174
737
652
253
666
50
695
348
95
726
502
216
731
680
475
181
215
585
877
819
259
572
500
905
869
376
617
997
930
197
35
84
398
284
376
646
262
410
23
397
738
649
626
363
63
890
143
586
551
374
616
784
536
253
707
824
569
490
242
44
82
710
366
64
295
393
609
97
572
395
471
305
35
449
605
344
165
890
68
55
493
966
641
792
176
840
359
507
340
128
136
539
679
569
71
157
971
59
147
737
968
467
984
397
333
669
667
464
553
15
471
733
877
630
607
109
581
858
682
398
369
903
796
632
168
630
406
210
84
618
747
721
740
729
117
178
501
26
72
761
909
296
398
890
87
321
901
353
256
821
186
991
107
45
687
443
498
484
547
866
791
214
932
133
359
988
797
703
553
241
395
500
858
906
244
914
303
281
420
850
922
130
400
864
597
888
107
172
303
620
409
867
515
818
763
230
185
173
574
488
950
503
63
911
885
704
15
85
924
579
960
122
325
469
36
389
32
621
462
887
881
75
612
457
959
861
328
112
82
901
291
453
590
100
272
804
891
110
733
929
288
271
587
608
76
537
290
999
203
488
702
115
631
459
951
687
185
784
809
810
743
458
943
762
261
39
660
152
911
926
822
920
721
465
693
606
847
561
388
245
817
925
680
739
879
673
964
715
304
255
311
66
903
528
317
682
129
798
843
521
803
77
833
736
412
157
400
693
374
884
168
642
910
204
230
763
947
985
357
741
916
600
213
622
479
796
899
976
76
615
19
258
125
523
280
963
917
448
604
152
161
781
328
648
912
133
391
558
555
453
516
123
352
668
972
532
163
87
350
517
285
320
293
81
569
616
185
142
945
634
916
513
678
58
403
195
59
153
248
258
808
79
711
413
65
310
496
453
897
349
64
459
590
368
957
627
816
12
690
641
780
206
256
296
887
917
586
511
801
336
845
495
476
184
690
149
551
492
689
134
201
635
576
600
833
843
412
435
987
235
245
617
822
270
862
242
306
893
532
392
832
637
150
274
126
696
843
988
795
223
574
165
858
53
406
610
908
682
565
74
664
871
37
145
149
947
319
65
27
734
107
842
844
649
572
547
723
261
706
865
894
707
148
838
794
867
143
166
519
311
601
318
187
712
285
295
745
599
531
607
112
635
63
148
25
872
432
686
125
256
343
920
605
257
644
308
363
46
251
372
223
680
757
626
652
572
926
668
552
860
117
468
369
479
689
970
82
386
453
398
813
79
585
662
481
692
211
415
421
266
748
454
773
914
421
315
848
982
643
675
221
19
358
678
163
378
496
166
473
955
72
385
425
728
135
516
986
46
164
358
423
34
369
836
918
395
915
557
67
461
870
577
841
236
539
920
905
510
460
642
798
589
873
277
780
328
66
591
7
575
185
840
722
750
159
793
954
163
305
329
242
946
864
943
441
641
500
418
627
163
842
649
687
16
609
978
508
484
851
998
609
180
549
287
226
609
584
456
585
842
265
622
28
688
708
715
412
172
750
229
118
719
836
150
20
623
411
636
592
674
465
775
561
437
97
662
479
477
384
854
594
558
668
134
875
957
200
143
944
784
944
252
745
385
943
582
818
384
142
238
745
852
829
419
21
916
740
452
497
686
280
716
37
215
594
620
748
850
597
631
824
877
946
440
12
455
931
879
506
653
787
335
987
724
248
592
531
308
342
111
556
755
556
395
984
917
20
85
512
146
830
435
966
796
883
489
784
106
645
464
434
845
252
520
957
319
102
790
106
400
786
721
860
769
683
429
72
510
770
116
300
689
529
852
575
814
212
449
389
558
578
498
344
316
246
483
494
46
308
781
337
243
90
641
359
727
886
321
919
45
324
954
877
688
622
763
464
466
138
2
718
900
367
246
140
825
18
204
301
136
871
663
913
293
913
467
995
709
491
761
871
404
166
349
668
38
719
876
458
918
181
167
228
85
803
647
341
29
977
739
571
906
220
899
531
264
761
923
964
232
662
291
515
750
943
206
836
684
127
523
295
405
834
536
620
298
354
738
236
95
189
289
331
608
993
811
406
478
962
218
461
39
911
711
243
551
573
466
42
509
932
78
971
779
311
725
211
191
302
629
219
313
696
8
141
319
996
467
974
566
988
178
329
987
227
857
418
885
202
43
758
890
709
953
387
767
285
711
181
724
667
391
105
562
94
175
711
55
121
390
96
857
331
608
492
513
974
778
455
124
660
776
447
34
676
336
297
656
67
378
738
417
596
40
173
904
7
441
411
802
877
124
45
704
534
834
935
468
217
588
986
234
247
471
110
123
889
625
322
249
112
378
678
348
104
792
780
100
206
483
641
850
570
613
450
400
282
97
50
162
652
653
500
874
67
159
671
426
18
442
864
992
787
316
70
387
118
44
495
951
156
268
328
31
737
601
570
938
177
637
689
560
398
660
156
975
342
671
647
858
280
687
292